bandwidth=8.66672
log_quota=0.0087347
quota=0.363281
